3,0.00,-0.07,-0.35,0.35,0.31,8.31,0.03,0.01,0.00,-7.75,-7.31,2.07,1.92,1000
3,-0.14,0.00,-0.35,0.32,0.27,8.33,-0.01,-0.03,0.00,-7.75,-7.31,2.10,1.96,1000
3,0.14,0.14,-0.28,0.29,0.35,8.35,-0.03,0.05,0.00,-7.75,-7.31,2.11,1.95,1000
SG3,0.14,-0.14,-0.35,0.29,0.30,8.21,-0.03,-0.01,0.00,-7.75,-7.31,2.11,1.99,1000
3,0.00,0.07,-0.49,0.17,0.28,8.45,-0.16,-0.03,0.00,-7.75,-7.31,2.12,1.98,1000
3,0.00,0.07,-0.21,0.29,0.29,8.33,-0.03,-0.03,0.00,-7.76,-7.31,2.12,2.04,1000
3,0.07,-0.07,-0.35,0.30,0.37,8.21,-0.03,0.05,0.00,-7.76,-7.32,2.12,2.06,1000
3,0.07,0.14,-0.42,0.31,0.33,8.44,-0.01,0.02,0.00,-7.76,-7.32,2.08,1.98,1000
3,0.07,0.07,-0.21,0.31,0.31,8.20,-0.02,0.00,0.00,-7.76,-7.32,2.10,1.98,1000
3,0.00,-0.07,-0.35,0.29,0.19,8.32,-0.04,-0.11,0.00,-7.76,-7.32,2.10,1.93,1000
3,-0.07,-0.07,-0.28,0.28,0.29,8.35,-0.04,-0.01,0.00,-7.76,-7.32,2.11,1.96,1000
3,0.14,-0.14,-0.35,0.32,0.18,8.36,-0.01,-0.12,0.00,-7.76,-7.32,2.13,1.93,1000
3,0.00,0.00,-0.35,0.28,0.28,8.35,-0.05,-0.02,0.00,-7.76,-7.32,2.10,1.93,1000
3,0.00,0.07,-0.21,0.30,0.36,8.21,-0.03,0.05,0.00,-7.76,-7.32,2.10,2.02,1000
3,0.00,0.00,-0.35,0.31,0.32,8.27,-0.02,0.02,0.00,-7.76,-7.32,2.10,1.96,1000
3,0.07,0.07,-0.28,0.33,0.27,8.36,0.01,-0.04,0.00,-7.76,-7.32,2.11,2.00,1000
3,-0.07,0.00,-0.35,0.29,0.30,8.32,-0.04,-0.02,0.00,-7.76,-7.32,2.11,2.03,1000
3,0.07,0.00,-0.42,0.29,0.28,8.23,-0.04,-0.02,0.00,-7.76,-7.32,2.09,1.96,1000
3,0.00,0.07,-0.28,0.33,0.27,8.35,0.01,-0.03,0.00,-7.76,-7.32,2.06,1.94,1000
3,0.07,0.00,-0.49,0.37,0.15,8.27,0.04,-0.14,0.00,-7.76,-7.32,2.12,1.93,1000
3,0.07,0.00,-0.28,0.30,0.38,8.43,-0.03,0.07,0.00,-7.76,-7.32,2.11,2.02,1000
3,0.07,0.00,-0.42,0.33,0.28,8.20,0.01,-0.01,0.00,-7.76,-7.32,2.11,1.91,1000
SG3,0.14,0.00,-0.28,0.33,0.28,8.30,0.01,-0.03,0.00,-7.77,-7.32,2.09,1.95,1000
3,0.07,0.00,-0.28,0.21,0.32,8.44,-0.11,0.01,0.00,-7.77,-7.33,2.05,1.97,1000
3,0.14,0.07,-0.28,0.34,0.29,8.21,0.02,-0.01,0.00,-7.77,-7.33,2.06,1.97,1000
3,-0.07,0.00,-0.21,0.34,0.38,8.44,0.02,0.06,0.00,-7.77,-7.33,2.11,2.09,1000
3,0.14,0.07,-0.35,0.34,0.35,8.22,0.01,0.03,0.00,-7.77,-7.33,2.13,2.04,1000
3,0.07,0.07,-0.21,0.32,0.13,8.29,-0.01,-0.17,0.00,-7.77,-7.33,2.10,1.91,1000
3,0.00,0.07,-0.28,0.38,0.30,8.31,0.05,0.00,0.00,-7.77,-7.33,2.12,1.92,1000
3,0.07,-0.07,-0.35,0.33,0.38,8.26,0.02,0.06,0.00,-7.77,-7.33,1.99,2.04,1000
3,0.07,0.00,-0.49,0.29,0.25,8.33,-0.02,-0.06,0.00,-7.77,-7.33,1.97,1.98,1000
3,0.00,-0.07,-0.35,0.23,0.19,8.34,-0.10,-0.10,0.00,-7.77,-7.33,2.08,1.90,1000
3,0.07,-0.14,-0.28,0.33,0.38,8.44,0.00,0.07,0.00,-7.77,-7.33,2.14,1.98,1000
3,-0.07,0.07,-0.07,0.29,0.30,8.27,-0.03,-0.00,0.00,-7.77,-7.33,2.11,1.93,1000
3,0.00,-0.14,-0.35,0.32,0.27,8.25,-0.01,-0.03,0.00,-7.77,-7.33,2.15,1.92,1000
3,0.14,0.00,-0.28,0.22,0.31,8.32,-0.11,0.00,0.00,-7.77,-7.33,2.13,1.99,1000
3,0.00,-0.14,-0.42,0.30,0.29,8.32,-0.02,-0.01,0.00,-7.77,-7.33,2.09,1.98,1000
3,0.07,0.07,-0.28,0.33,0.22,8.40,0.00,-0.08,0.00,-7.77,-7.33,2.08,1.95,1000
3,0.28,0.14,-0.21,0.31,0.16,8.30,-0.02,-0.12,0.00,-7.77,-7.33,2.11,1.84,1000
3,-0.07,-0.07,-0.28,0.27,0.27,8.42,-0.06,-0.03,0.00,-7.77,-7.33,2.11,1.91,1000
3,0.14,-0.07,-0.42,0.31,0.26,8.20,-0.02,-0.03,0.00,-7.77,-7.33,2.14,1.91,1000
3,0.07,0.07,-0.21,0.32,0.17,8.37,-0.01,-0.12,0.00,-7.77,-7.33,2.14,1.90,1000
3,0.00,-0.07,-0.35,0.29,0.38,8.43,-0.03,0.08,0.00,-7.78,-7.33,2.12,1.97,1000
3,0.21,0.00,-0.28,0.29,0.35,8.41,-0.03,0.04,0.00,-7.78,-7.33,2.06,1.96,1000
3,0.07,0.21,-0.42,0.32,0.29,8.38,-0.01,-0.01,0.00,-7.78,-7.34,2.08,1.93,1000
3,0.21,0.07,-0.28,0.35,0.34,8.37,0.02,0.03,0.00,-7.78,-7.34,2.15,1.98,1000
3,0.07,0.14,-0.28,0.35,0.38,8.30,0.01,0.06,0.00,-7.78,-7.34,2.14,2.02,1000
3,0.00,0.00,-0.42,0.37,0.35,8.22,0.03,0.04,0.00,-7.78,-7.34,2.18,2.00,1000
3,0.00,0.07,-0.28,0.29,0.37,8.31,-0.04,0.06,0.00,-7.78,-7.34,2.09,2.00,1000
3,0.07,-0.07,-0.42,0.27,0.28,8.38,-0.05,-0.02,0.00,-7.78,-7.34,2.08,1.97,1000
3,0.14,0.00,-0.49,0.32,0.34,8.32,-0.01,0.02,0.00,-7.78,-7.34,2.14,2.02,1000
3,0.07,-0.07,-0.35,0.30,0.38,8.32,-0.03,0.08,0.00,-7.78,-7.34,2.14,1.97,1000
SG3,0.00,-0.14,-0.42,0.36,0.37,8.27,0.02,0.07,0.00,-7.78,-7.34,2.20,1.93,1000
3,0.21,-0.14,-0.28,0.35,0.28,8.28,0.01,-0.01,0.00,-7.78,-7.34,2.17,1.87,1000
3,0.00,0.00,-0.42,0.29,0.26,8.28,-0.03,-0.03,0.00,-7.78,-7.34,2.10,1.89,1000
3,0.14,-0.07,-0.28,0.35,0.26,8.31,0.01,-0.04,0.00,-7.78,-7.34,2.15,1.90,1000
3,0.07,0.00,-0.28,0.27,0.19,8.40,-0.06,-0.11,0.00,-7.78,-7.34,2.13,1.91,1000
3,0.00,0.00,-0.35,0.33,0.32,8.29,-0.00,0.02,0.00,-7.78,-7.34,2.13,1.93,1000
3,0.21,0.07,-0.35,0.27,0.38,8.44,-0.06,0.07,0.00,-7.79,-7.34,2.12,1.98,1000
3,0.07,-0.07,-0.14,0.28,0.27,8.24,-0.04,-0.03,0.00,-7.79,-7.34,2.07,1.89,1000
3,0.21,-0.07,-0.42,0.31,0.14,8.42,-0.01,-0.15,0.00,-7.79,-7.34,2.04,1.89,1000
3,-0.07,-0.14,-0.28,0.31,0.27,8.32,-0.02,-0.02,0.00,-7.79,-7.35,2.14,1.83,1000
3,0.00,-0.07,-0.28,0.29,0.29,8.30,-0.04,-0.00,0.00,-7.79,-7.35,2.11,1.89,1000
3,0.00,-0.14,-0.28,0.27,0.28,8.32,-0.05,-0.02,0.00,-7.79,-7.35,2.10,1.94,1000
3,0.00,0.00,-0.28,0.32,0.35,8.35,-0.01,0.04,0.00,-7.79,-7.35,2.10,2.00,1000
3,0.07,0.00,-0.28,0.33,0.28,8.34,-0.00,-0.03,0.00,-7.79,-7.35,2.16,1.97,1000
3,0.14,0.07,-0.28,0.34,0.29,8.52,0.01,-0.02,0.00,-7.79,-7.35,2.14,2.05,1000
3,0.35,0.00,-0.35,0.34,0.27,8.41,0.00,-0.04,0.00,-7.79,-7.35,2.18,1.96,1000
3,0.00,-0.07,-0.35,0.33,0.30,8.37,-0.01,-0.00,0.00,-7.79,-7.35,2.20,1.98,1000
3,0.14,0.07,-0.42,0.27,0.31,8.33,-0.06,-0.00,0.00,-7.79,-7.35,2.19,2.04,1000
3,0.00,0.00,-0.49,0.30,0.28,8.26,-0.04,-0.02,0.00,-7.79,-7.35,2.19,1.97,1000
3,-0.14,0.14,-0.28,0.28,0.38,8.21,-0.05,0.07,0.00,-7.79,-7.35,2.17,2.01,1000
3,0.07,0.00,-0.35,0.36,0.30,8.35,0.02,0.00,0.00,-7.79,-7.35,2.19,1.92,1000
3,0.14,0.00,-0.42,0.29,0.36,8.39,-0.04,0.06,0.00,-7.79,-7.35,2.11,1.93,1000
3,0.28,0.07,-0.21,0.32,0.26,8.28,-0.00,-0.03,0.00,-7.79,-7.35,2.07,1.89,1000
3,0.35,0.07,-0.28,0.37,0.33,8.24,0.04,0.04,0.00,-7.79,-7.35,2.15,1.91,1000
3,0.07,-0.07,-0.56,0.29,0.26,8.31,-0.04,-0.03,0.00,-7.79,-7.35,2.11,1.89,1000
3,0.14,-0.14,-0.35,0.35,0.17,8.26,0.02,-0.13,0.00,-7.80,-7.35,2.14,1.92,1000
3,-0.21,0.28,-0.35,0.31,0.23,8.41,-0.02,-0.07,0.00,-7.80,-7.35,2.16,1.93,1000
3,-1.25,0.90,-0.35,0.29,0.28,8.31,-0.04,-0.01,0.00,-7.80,-7.35,2.10,1.87,1000
3,-0.56,0.63,-0.28,0.03,0.35,8.31,-0.28,0.04,0.00,-7.80,-7.35,2.06,2.01,1000
3,-0.14,0.21,-0.14,0.18,0.32,8.20,-0.13,0.01,0.00,-7.80,-7.36,1.99,2.03,1000
SG3,1.74,-1.32,-0.14,0.28,0.38,8.41,-0.02,0.05,0.00,-7.80,-7.36,1.92,2.09,1000
3,1.25,-0.90,-0.21,0.33,0.14,8.43,0.01,-0.16,0.00,-7.80,-7.36,2.04,1.93,1000
3,-0.90,0.42,-0.14,0.37,0.23,8.31,0.02,-0.06,0.00,-7.80,-7.36,2.24,1.87,1000
3,-1.39,0.77,-0.42,0.38,0.26,8.21,0.03,-0.03,0.00,-7.80,-7.36,2.26,1.87,1000
3,0.49,-0.35,-0.35,0.37,0.36,8.19,0.05,0.06,0.00,-7.80,-7.36,2.12,1.96,1000
3,1.60,-1.11,-0.35,0.29,0.31,8.36,-0.04,0.01,0.00,-7.80,-7.36,2.08,1.94,1000
3,0.07,0.00,-0.35,0.32,0.17,8.33,-0.02,-0.11,0.00,-7.80,-7.36,2.20,1.83,1000
3,-1.25,0.97,-0.49,0.33,0.29,8.29,-0.02,-0.00,0.00,-7.80,-7.36,2.23,1.88,1000
3,-0.56,0.42,-0.35,0.31,0.26,8.44,-0.01,-0.04,0.00,-7.80,-7.36,2.08,1.94,1000
3,1.39,-1.04,-0.28,0.26,0.31,8.43,-0.06,-0.00,0.00,-7.80,-7.36,2.02,2.02,1000
3,1.18,-0.63,-0.42,0.35,0.36,8.37,0.02,0.05,0.00,-7.80,-7.36,2.15,2.03,1000
3,-0.83,0.49,-0.35,0.34,0.23,8.37,-0.01,-0.07,0.00,-7.80,-7.36,2.26,1.95,1000
3,-1.32,0.77,-0.35,0.28,0.37,8.28,-0.06,0.07,0.00,-7.81,-7.36,2.18,1.93,1000
3,0.49,-0.49,-0.28,0.15,0.29,8.35,-0.17,-0.01,0.00,-7.81,-7.36,2.08,1.91,1000
3,1.32,-0.90,-0.42,0.32,0.27,8.35,-0.00,-0.04,0.00,-7.81,-7.36,2.10,1.99,1000
3,0.00,0.21,-0.42,0.37,0.26,8.36,0.03,-0.03,0.00,-7.81,-7.36,2.23,1.90,1000
3,-0.70,0.77,-0.14,0.33,0.29,8.36,-0.00,-0.00,0.00,-7.81,-7.36,2.15,1.92,1000
3,0.28,0.14,-0.14,0.26,0.31,8.21,-0.05,0.01,0.00,-7.81,-7.36,2.02,1.94,1000
3,0.97,-0.56,-0.28,0.37,0.47,8.28,0.05,0.15,0.00,-7.81,-7.36,2.04,2.08,1000
3,0.21,-0.07,-0.42,0.38,0.32,8.19,0.07,0.01,0.00,-7.81,-7.36,1.98,2.01,1000
3,-0.97,0.70,-0.35,0.33,0.22,8.36,0.02,-0.08,0.00,-7.81,-7.37,2.00,1.92,1000
3,-1.25,1.32,-0.35,0.26,0.31,8.42,-0.05,0.01,0.00,-7.81,-7.37,2.02,1.96,1000
3,1.53,-0.42,-0.14,0.38,0.35,8.34,0.07,0.02,0.00,-7.81,-7.37,1.97,2.09,1000
3,2.85,-1.81,-0.28,0.36,0.29,8.24,0.06,-0.02,0.00,-7.81,-7.37,1.97,2.03,1000
3,0.83,-0.70,0.07,0.36,0.22,8.31,0.04,-0.07,0.00,-7.81,-7.37,2.07,1.86,1000
3,-3.06,1.95,-0.63,0.34,0.38,8.42,-0.00,0.10,0.00,-7.81,-7.37,2.23,1.82,1000
3,-3.34,1.95,0.14,0.06,-0.05,8.55,-0.22,-0.29,0.00,-7.81,-7.37,1.84,1.51,1000
3,0.28,-0.56,-0.28,0.12,0.57,8.22,-0.09,0.30,0.00,-7.82,-7.37,1.37,1.73,1000
3,4.10,-0.70,-2.30,-0.21,0.32,8.24,-0.31,0.17,0.00,-7.82,-7.38,0.64,0.92,1000
3,-3.83,-3.90,-47.03,-0.09,-0.74,9.72,-0.12,-0.17,0.00,-7.82,-7.41,0.19,-3.69,1000
SG3,5.84,6.05,-53.43,0.04,-0.53,9.68,0.00,0.01,0.00,-7.82,-7.41,0.28,-3.51,1000
3,17.81,17.67,-58.02,0.01,-0.48,9.97,-0.06,0.01,0.00,-7.82,-7.41,0.51,-3.19,1000
3,18.57,26.23,-61.08,0.01,-0.32,9.79,-0.06,0.06,0.00,-7.82,-7.41,0.46,-2.46,1000
3,11.13,26.30,-65.74,0.22,-0.02,9.35,0.12,0.23,0.00,-7.82,-7.40,0.61,-1.60,1000
3,14.12,15.10,-72.35,0.36,0.09,9.09,0.17,0.23,0.00,-7.82,-7.40,1.24,-0.86,1000
3,19.48,2.37,-79.17,0.64,0.01,8.83,0.37,0.05,0.00,-7.82,-7.39,1.77,-0.24,1000
3,19.13,-6.40,-85.22,0.26,0.32,8.63,-0.01,0.27,0.00,-7.82,-7.39,1.74,0.32,1000
3,20.31,-8.07,-90.71,0.37,0.44,8.54,0.05,0.23,0.00,-7.82,-7.38,2.05,1.38,1000
3,25.60,-8.49,-87.58,-0.03,0.15,7.98,-0.29,-0.08,0.00,-7.82,-7.38,1.70,1.45,1000
3,29.29,-9.74,-82.85,0.36,0.61,7.74,0.12,0.31,0.00,-7.83,-7.38,1.60,1.90,1000
3,24.07,-12.38,-80.90,0.50,0.97,7.64,0.18,0.46,0.00,-7.82,-7.37,2.12,3.32,1000
3,23.17,-13.22,-77.57,0.14,0.73,7.45,-0.23,0.04,0.00,-7.83,-7.36,2.42,4.46,1000
3,26.09,-14.68,-71.10,0.43,0.96,7.48,0.00,0.16,0.00,-7.83,-7.36,2.77,5.16,1000
3,23.23,-19.69,-63.23,0.27,0.93,7.27,-0.17,0.04,0.00,-7.83,-7.36,2.83,5.73,1000
3,17.18,-25.32,-58.09,0.44,1.07,7.14,-0.06,0.07,0.00,-7.83,-7.36,3.27,6.48,1000
3,9.60,-29.77,-52.52,0.29,1.00,7.11,-0.22,-0.06,0.00,-7.83,-7.36,3.29,6.88,1000
3,4.80,-31.17,-45.43,0.27,0.77,7.18,-0.25,-0.27,0.00,-7.83,-7.36,3.32,6.75,1000
3,1.25,-30.68,-37.50,0.37,0.71,7.32,-0.09,-0.23,0.00,-7.84,-7.37,2.98,6.03,1000
3,0.83,-28.45,-34.43,0.59,0.72,7.32,0.07,-0.22,0.00,-7.84,-7.37,3.34,6.09,1000
3,-0.90,-24.77,-32.00,0.26,0.56,7.45,-0.22,-0.32,0.00,-7.84,-7.38,3.09,5.69,1000
3,-1.74,-20.73,-27.69,0.40,0.51,7.66,-0.08,-0.25,0.00,-7.84,-7.38,3.07,4.88,1000
3,-4.59,-16.83,-24.63,0.51,0.88,8.17,0.08,0.12,0.00,-7.85,-7.38,2.77,4.96,1000
3,-6.47,-7.10,-19.20,0.00,0.68,8.38,-0.53,-0.03,0.00,-7.84,-7.39,3.40,4.60,1000
3,-7.79,10.71,-10.64,-0.10,0.59,8.71,-0.55,-0.09,0.00,-7.85,-7.39,2.93,4.41,1000
3,-3.13,20.66,-6.75,0.71,0.41,8.08,0.26,-0.22,0.00,-7.85,-7.39,2.94,4.11,1000
3,-3.55,18.37,-6.61,0.59,0.24,7.90,0.07,-0.28,0.00,-7.84,-7.40,3.33,3.36,1000
3,-4.59,7.30,-11.97,0.88,0.15,7.51,0.20,-0.30,0.00,-7.84,-7.41,4.40,2.93,1000
3,-19.27,4.52,-9.18,0.27,0.32,8.30,-0.32,0.09,0.00,-7.85,-7.42,3.79,1.48,1000
SG3,-33.60,0.70,-11.13,-0.04,0.12,9.07,-0.38,-0.18,0.00,-7.86,-7.41,2.21,1.94,1000
3,-45.22,-12.45,-15.44,0.09,-0.47,8.72,-0.14,-0.53,0.00,-7.86,-7.42,1.49,0.38,1000
3,-36.73,-15.03,-20.80,0.00,0.14,8.94,-0.13,0.09,0.00,-7.86,-7.42,0.87,0.32,1000
3,-18.37,8.00,-21.15,0.43,0.53,9.27,0.30,0.30,0.00,-7.86,-7.41,0.88,1.49,1000
3,3.83,32.83,-16.56,0.18,0.71,9.21,-0.07,0.30,0.00,-7.85,-7.41,1.58,2.64,1000
3,23.37,47.86,-19.06,0.66,0.97,8.99,0.24,0.36,0.00,-7.85,-7.40,2.72,3.93,1000
3,30.33,48.49,-26.50,0.96,0.97,8.84,0.33,0.19,0.00,-7.84,-7.39,4.07,5.05,1000
3,31.79,32.56,-33.95,0.91,0.83,8.83,0.11,-0.01,0.00,-7.83,-7.39,5.13,5.42,1000
3,31.37,16.21,-36.31,1.09,1.13,8.54,0.16,0.20,0.00,-7.83,-7.39,6.02,6.00,1000
3,26.78,5.98,-35.34,1.05,1.10,8.42,0.02,0.10,0.00,-7.82,-7.39,6.72,6.45,1000
3,16.49,-0.70,-33.11,1.12,0.96,8.27,0.01,-0.05,0.00,-7.82,-7.39,7.15,6.55,1000
3,6.19,-2.43,-31.58,1.07,0.95,7.97,-0.05,-0.06,0.00,-7.83,-7.39,7.27,6.56,1000
3,-1.95,-4.31,-31.17,0.89,0.86,7.81,-0.21,-0.14,0.00,-7.83,-7.39,7.15,6.48,1000
3,-6.05,-10.02,-32.21,0.86,0.89,7.77,-0.18,-0.09,0.00,-7.84,-7.40,6.74,6.30,1000
3,-6.68,-16.70,-33.81,0.52,0.85,7.79,-0.39,-0.10,0.00,-7.84,-7.40,5.89,6.13,1000
3,-7.37,-18.85,-35.34,0.39,0.82,7.93,-0.34,-0.09,0.00,-7.85,-7.40,4.76,5.90,1000
3,-6.19,-18.85,-34.92,0.17,0.52,8.05,-0.41,-0.31,0.00,-7.86,-7.41,3.72,5.37,1000
3,-8.42,-18.30,-34.02,-0.04,0.39,8.09,-0.43,-0.31,0.00,-7.87,-7.41,2.47,4.50,1000
3,-10.23,-13.84,-32.07,-0.06,0.51,8.15,-0.24,-0.13,0.00,-7.88,-7.42,1.19,4.16,1000
3,-8.28,-8.28,-29.15,-0.21,0.40,8.27,-0.23,-0.19,0.00,-7.89,-7.42,0.10,3.87,1000
3,-7.86,-7.86,-26.71,-0.26,0.09,8.52,-0.16,-0.37,0.00,-7.89,-7.43,-0.69,2.97,1000
3,-8.07,-9.74,-22.89,-0.34,0.23,8.46,-0.14,-0.12,0.00,-7.90,-7.43,-1.29,2.23,1000
3,-8.14,-8.35,-17.95,-0.50,0.13,8.62,-0.22,-0.15,0.00,-7.90,-7.43,-1.85,1.84,1000
3,-6.40,-3.69,-13.50,-0.49,0.48,8.58,-0.13,0.15,0.00,-7.90,-7.43,-2.28,2.15,1000
3,-1.39,2.09,-10.50,-0.63,0.56,8.46,-0.21,0.14,0.00,-7.90,-7.43,-2.71,2.71,1000
3,2.92,6.26,-10.85,-0.60,0.72,8.50,-0.15,0.22,0.00,-7.91,-7.42,-2.90,3.25,1000
3,10.85,-4.52,-11.48,-0.05,0.80,8.04,0.20,-0.11,0.00,-7.90,-7.41,-1.62,5.85,1000
SG3,9.88,-7.58,-6.82,0.11,0.61,7.98,0.25,-0.25,0.00,-7.89,-7.42,-0.89,5.52,1000
3,9.18,-11.20,-2.02,0.02,0.54,7.99,0.07,-0.21,0.00,-7.89,-7.42,-0.33,4.81,1000
3,7.79,-11.90,3.06,0.13,0.40,7.94,0.10,-0.24,0.00,-7.89,-7.43,0.19,4.16,1000
3,5.50,-9.39,6.68,0.35,0.33,8.11,0.22,-0.25,0.00,-7.88,-7.43,0.83,3.75,1000
3,2.92,-7.86,7.30,0.38,0.35,8.26,0.18,-0.16,0.00,-7.88,-7.44,1.34,3.29,1000
3,4.10,-4.24,-1.25,0.40,0.17,8.53,0.01,-0.11,0.00,-7.87,-7.45,2.50,1.77,1023
SG3,4.52,-8.90,-3.20,0.44,0.21,8.36,0.00,-0.03,0.00,-7.87,-7.45,2.82,1.59,1023
3,-1.67,0.90,1.18,0.62,0.12,8.40,0.03,0.01,0.00,-7.87,-7.45,3.81,0.70,1130
SG3,-2.23,2.23,1.18,0.53,0.01,8.35,-0.08,-0.10,0.00,-7.87,-7.45,3.94,0.76,1130
3,0.00,-1.95,-6.26,-0.00,0.29,7.79,-0.43,-0.02,0.00,-7.88,-7.45,2.76,1.95,1242
SG3,2.23,-13.15,-4.87,0.13,0.32,8.18,-0.26,0.02,0.00,-7.88,-7.45,2.48,1.89,1242
3,1.39,-0.49,0.90,-0.14,0.27,9.41,-0.40,0.43,0.00,-7.89,-7.47,1.69,-0.99,1277
SG3,-1.39,0.49,-1.74,1.36,-0.64,8.70,0.80,-0.38,0.00,-7.87,-7.47,3.61,-1.73,1277
3,-2.02,-0.56,-10.16,-0.82,0.03,8.15,-1.14,0.01,0.00,-7.89,-7.46,2.07,0.11,1301
SG3,0.28,1.46,-10.71,1.01,1.29,8.53,0.49,1.15,0.00,-7.88,-7.45,3.38,0.92,1301
3,3.27,1.81,-10.30,2.30,-0.00,7.86,1.47,-0.02,0.00,-7.86,-7.45,5.36,0.12,1301
3,4.24,-6.40,-6.89,0.08,1.56,8.05,-0.40,1.43,0.00,-7.89,-7.45,3.13,0.82,1301
SG3,3.97,-13.29,-4.17,-0.05,0.62,6.37,-0.51,0.52,0.00,-7.89,-7.45,2.96,0.67,1301
3,2.85,-14.89,-3.69,1.21,-0.31,6.18,0.31,-0.39,0.00,-7.88,-7.45,5.79,0.53,1301
3,-0.77,-8.35,-5.36,-2.22,-0.41,6.32,-2.43,-0.60,0.00,-7.91,-7.45,1.37,1.21,1301
3,1.39,-3.90,-5.98,0.52,-1.19,7.69,-0.16,-0.99,0.00,-7.89,-7.46,4.42,-1.29,1301
3,-1.88,-4.31,-5.50,-2.29,0.11,5.45,-2.10,0.23,0.00,-7.92,-7.46,-1.23,-0.79,1309
SG3,-3.97,-3.20,-4.87,0.75,-2.05,7.40,0.71,-1.77,0.00,-7.91,-7.47,0.26,-1.85,1309
3,-5.84,-0.07,0.07,0.62,0.63,6.52,0.02,0.85,0.00,-7.89,-7.46,3.88,-1.45,1313
SG3,-5.43,2.92,0.90,1.96,-0.18,6.03,1.47,-0.08,0.00,-7.89,-7.46,3.17,-0.61,1313
3,0.14,5.50,-3.20,-1.21,-0.69,7.01,-1.33,-0.87,0.00,-7.91,-7.45,0.79,1.17,1341
SG3,0.21,-1.74,-4.52,1.97,2.04,8.73,1.38,1.88,0.00,-7.89,-7.45,3.87,1.07,1341
3,12.10,5.77,-8.42,2.65,1.88,3.31,2.26,1.52,0.00,-7.89,-7.45,2.55,2.37,1369
SG3,10.92,1.88,-6.26,4.35,1.97,8.20,4.15,1.25,0.00,-7.90,-7.43,1.32,4.64,1369
3,20.80,-0.21,-9.04,-1.45,0.03,7.74,-1.39,-0.30,0.00,-7.91,-7.45,-0.37,2.13,1369
3,32.00,-2.99,-13.50,1.97,-0.41,-0.32,1.89,-0.36,0.00,-7.89,-7.47,0.51,-0.28,1365
SG3,34.02,0.42,-15.37,2.15,-1.67,7.65,3.10,-1.46,0.00,-7.89,-7.47,-6.16,-1.32,1365
3,48.42,-4.24,-16.35,-1.84,-0.72,-0.85,-0.74,1.44,0.00,-7.81,-7.40,-7.13,-14.03,1373
3,-44.87,-30.19,44.38,1.36,1.14,0.07,0.27,0.94,0.00,-7.65,-7.22,7.06,1.24,1369
SG3,-47.03,-28.38,43.69,-2.33,-0.94,4.07,-2.63,-1.09,0.00,-7.69,-7.22,1.90,0.98,1369
3,-47.86,-26.99,37.57,0.39,-0.44,3.37,-0.59,-0.22,0.00,-7.66,-7.23,6.30,-1.45,1369
3,-43.41,-23.86,26.02,2.02,0.55,1.51,0.28,0.54,0.00,-7.66,-7.23,11.30,0.03,1369
3,-40.07,-22.89,18.37,-0.95,2.43,2.14,-2.05,1.78,0.00,-7.68,-7.22,7.09,4.16,1369
3,-33.53,-18.02,7.79,3.08,2.16,7.17,2.07,2.09,0.00,-7.69,-7.24,6.54,0.50,1369
3,-26.43,-20.94,3.13,3.04,1.99,5.83,2.44,2.03,0.00,-7.70,-7.25,3.84,-0.27,1369
3,-24.97,-21.50,2.23,-1.44,0.11,7.47,-1.83,0.86,0.00,-7.72,-7.28,2.49,-4.87,1369
3,-20.87,-15.30,1.11,3.33,-4.53,3.65,3.50,-2.47,0.00,-7.70,-7.29,-1.11,-13.42,1365
SG3,-18.64,-10.02,5.08,3.31,-0.41,6.98,3.98,0.99,0.00,-7.69,-7.25,-4.33,-9.06,1365
3,13.57,-23.44,-10.50,3.26,0.22,6.87,3.90,2.42,0.00,-7.61,-7.21,-4.13,-14.33,1369
SG3,15.79,-17.74,-8.28,-1.51,-4.38,5.09,-0.68,-1.90,0.00,-7.61,-7.21,-5.32,-16.23,1369
3,23.17,-11.90,-12.94,-3.14,0.67,7.74,-2.46,2.92,0.00,-7.58,-7.17,-4.43,-14.73,1369
3,19.83,-8.28,-13.63,4.39,-1.82,5.93,3.99,0.89,0.00,-7.53,-7.18,2.63,-17.78,1369
3,11.48,-1.39,-10.23,-1.54,-1.54,6.18,-1.02,1.05,0.00,-7.56,-7.15,-3.32,-17.01,1369
3,6.05,14.54,-11.90,-1.04,-1.79,6.71,-1.22,0.91,0.00,-7.54,-7.15,1.16,-17.69,1369
3,4.59,30.54,-2.23,2.00,-1.80,9.70,1.63,0.65,0.00,-7.53,-7.13,2.35,-16.05,1369
3,0.00,35.41,-2.16,-1.50,-2.39,9.02,-2.08,0.15,0.00,-7.53,-7.13,3.76,-16.65,1369
3,-8.07,37.36,0.21,-0.93,-0.87,10.62,-1.02,1.25,0.00,-7.55,-7.11,0.58,-13.79,1369
3,-12.66,27.62,1.53,-0.23,-0.54,8.48,-0.41,1.52,0.00,-7.55,-7.11,1.18,-13.41,1369
3,-18.02,30.82,7.44,0.41,-1.42,4.91,0.21,0.47,0.00,-7.55,-7.08,1.32,-12.28,1369
3,0.49,46.19,-5.70,-1.71,1.37,6.83,-1.59,2.87,0.00,-7.54,-7.03,-0.76,-9.68,1369
3,12.73,44.73,-17.04,1.09,-1.71,9.01,-0.04,-1.17,0.00,-7.49,-6.99,7.34,-3.45,1365
SG3,1.74,45.70,-13.63,2.17,2.34,5.87,1.48,2.49,0.00,-7.52,-6.98,4.45,-0.95,1365
3,-1.39,44.66,-7.65,1.48,-0.26,8.27,0.88,0.12,0.00,-7.52,-7.00,3.86,-2.45,1365
3,-2.99,42.99,-2.16,3.42,0.47,6.95,2.89,0.78,0.00,-7.52,-6.99,3.47,-2.00,1365
3,-11.41,35.62,6.40,0.88,-0.20,9.73,0.27,-0.67,0.00,-7.53,-6.97,3.98,3.05,1361
SG3,-19.90,26.64,9.88,-0.60,2.32,8.36,-1.17,1.44,0.00,-7.54,-6.97,3.69,5.67,1361
3,-16.97,14.82,9.25,-1.69,2.89,5.49,-1.96,1.74,0.00,-7.55,-6.96,1.72,7.44,1361
3,-11.55,7.58,7.17,-3.66,1.29,5.42,-4.09,0.13,0.00,-7.54,-6.97,2.77,7.50,1361
3,-8.97,-4.66,5.77,0.96,1.91,7.15,0.41,0.60,0.00,-7.53,-6.96,3.50,8.48,1361
3,2.85,-8.35,0.14,0.61,0.40,6.68,0.17,-1.22,0.00,-7.53,-6.95,2.84,10.49,1361
3,7.44,-18.50,-0.56,1.06,2.36,8.13,0.62,1.03,0.00,-7.53,-6.96,2.87,8.62,1361
3,15.58,-28.94,1.18,-0.63,2.46,7.99,-1.12,1.34,0.00,-7.53,-6.98,3.17,7.23,1361
3,14.68,-26.43,-2.43,-1.90,-0.91,8.18,-2.35,-2.06,0.00,-7.54,-6.98,2.95,7.41,1361
3,13.08,-33.32,-0.07,-3.33,2.12,6.52,-4.12,0.97,0.00,-7.54,-6.98,5.07,7.47,1361
3,15.58,-30.47,1.11,-2.46,-1.14,-0.49,-2.45,-1.61,0.00,-7.55,-7.00,-0.06,3.00,1361
3,13.70,-32.77,0.28,3.38,-2.02,6.51,3.79,-2.86,0.00,-7.54,-7.01,-2.65,5.39,1361
3,14.40,-37.63,4.03,-1.44,-2.09,2.75,-0.31,-3.06,0.00,-7.51,-7.03,-7.25,6.27,1361
3,12.80,-38.96,3.13,-3.31,0.32,3.87,-2.34,-0.27,0.00,-7.49,-7.05,-6.26,3.79,1361
3,9.32,-44.73,2.16,-0.17,0.27,3.51,0.50,-0.53,0.00,-7.46,-7.05,-4.34,5.21,1361
3,7.17,-45.50,2.92,-2.32,-0.77,3.54,-1.56,-0.81,0.00,-7.45,-7.08,-4.91,0.31,1361
3,5.15,-49.04,5.50,-1.07,-0.30,3.00,-0.65,-0.39,0.00,-7.42,-7.08,-2.74,0.61,1361
3,-0.90,-54.19,3.48,-2.92,-0.27,8.95,-2.71,-0.06,0.00,-7.42,-7.09,-1.39,-1.40,1361
3,-0.97,-50.16,-1.53,-3.80,-0.98,4.63,-4.19,0.20,0.00,-7.39,-7.09,2.55,-7.64,1361
3,5.43,-44.24,-2.09,7.83,-1.73,4.96,7.13,-0.19,0.00,-7.37,-7.08,4.56,-9.97,1361
3,3.62,-41.18,0.56,-5.50,-0.10,9.12,-5.41,1.36,0.00,-7.42,-7.06,-0.57,-9.46,1361
3,-3.41,-18.99,2.64,-2.53,-3.18,5.75,-2.84,-0.92,0.00,-7.39,-7.01,1.99,-14.76,1361
3,-23.10,-29.08,5.36,-1.10,-1.30,9.03,-1.47,1.66,0.00,-7.41,-6.95,2.40,-19.45,1357
SG3,-23.03,-24.00,8.14,5.13,0.29,4.97,4.63,3.41,0.00,-7.40,-6.93,3.27,-20.53,1357
3,3.27,-7.65,-10.57,1.42,-3.28,9.45,0.97,0.06,0.00,-7.41,-6.88,2.88,-22.06,1365
SG3,9.46,-5.43,-15.58,-2.15,-1.01,6.57,-2.00,2.34,0.00,-7.43,-6.86,-0.99,-22.18,1365
3,4.10,2.37,-1.46,0.71,-2.35,5.13,0.39,1.24,0.00,-7.42,-6.79,2.02,-23.82,1408
SG3,-3.27,-3.90,3.97,-3.52,-3.13,6.44,-3.69,0.38,0.00,-7.42,-6.77,1.11,-23.25,1408
3,-7.58,1.25,-0.42,3.02,-5.59,3.04,2.39,-2.24,0.00,-7.42,-6.70,4.09,-22.18,1468
SG3,-4.66,-2.99,-5.01,-1.45,-1.60,6.32,-2.24,1.92,0.00,-7.41,-6.68,5.13,-23.36,1468
3,2.78,21.08,-4.24,-1.48,-3.90,4.37,-1.51,-0.18,0.00,-7.47,-6.63,0.21,-24.81,1500
SG3,4.38,19.06,-7.65,5.74,-3.29,3.57,5.39,0.50,0.00,-7.45,-6.61,2.23,-25.22,1500
3,-2.50,8.49,-5.01,-4.21,-1.91,6.25,-4.86,1.71,0.00,-7.43,-6.59,4.18,-24.06,1500
3,-9.25,8.49,-8.42,-4.95,-0.37,7.65,-4.17,2.79,0.00,-7.51,-6.57,-5.03,-20.84,1500
3,6.26,4.80,-7.79,-2.21,-4.32,4.96,-2.17,-1.31,0.00,-7.48,-6.54,-0.26,-19.80,1500
3,4.31,0.35,-8.00,4.24,-5.24,8.17,2.53,-1.69,0.00,-7.40,-6.55,11.07,-23.56,1500
3,-8.83,7.44,-1.88,-6.15,-0.61,9.63,-5.95,2.90,0.00,-7.50,-6.46,-1.27,-23.27,1500
SG3,-6.26,8.56,-0.90,-3.67,2.21,6.51,-2.25,5.12,0.00,-7.57,-6.43,-9.20,-19.16,1500
3,2.78,10.99,1.25,-2.29,-1.89,4.19,-1.62,1.60,0.00,-7.53,-6.42,-4.32,-23.14,1500
3,-6.89,10.92,-0.28,2.29,-3.46,6.26,1.17,-0.13,0.00,-7.46,-6.39,7.21,-22.08,1500
3,-6.47,3.34,7.65,-2.81,-3.38,7.32,-3.18,-0.32,0.00,-7.50,-6.38,2.38,-20.16,1500
3,-10.92,9.25,6.82,2.53,-2.64,8.08,2.41,-0.25,0.00,-7.51,-6.34,0.78,-15.63,1500
3,-9.04,6.68,3.62,2.84,0.86,3.34,1.24,3.15,0.00,-7.47,-6.30,10.37,-14.93,1500
3,-2.30,6.12,1.81,-1.04,0.33,5.23,-2.97,2.83,0.00,-7.47,-6.30,12.55,-16.34,1500
3,-6.26,1.95,1.25,-3.95,-0.07,8.53,-4.45,2.29,0.00,-7.54,-6.29,3.28,-15.42,1500
3,-8.97,11.06,-4.17,0.68,-2.65,5.39,-0.00,-0.48,0.00,-7.56,-6.27,4.41,-14.16,1500
3,13.43,9.53,-4.80,4.68,-4.26,8.18,2.66,-2.08,0.00,-7.52,-6.26,13.16,-14.20,1500
3,-4.24,2.09,-0.83,-5.25,-2.14,9.44,-5.67,-0.26,0.00,-7.62,-6.24,2.73,-12.19,1500
3,4.73,0.90,-7.86,4.27,-2.81,2.38,4.16,-0.85,0.00,-7.64,-6.22,0.67,-12.80,1500
3,7.03,-5.01,-3.83,1.20,-2.14,5.68,0.02,-0.11,0.00,-7.59,-6.20,7.61,-13.20,1500
3,-7.03,-1.04,-2.78,1.02,0.39,7.67,0.98,2.31,0.00,-7.65,-6.19,0.27,-12.48,1500
3,2.78,5.77,-1.74,-0.52,-2.74,1.82,-0.13,-0.19,0.00,-7.69,-6.20,-2.55,-16.71,1500
3,7.58,7.10,-2.64,5.25,-0.30,3.65,3.64,2.50,0.00,-7.61,-6.20,10.42,-18.41,1500
3,-4.45,2.64,-4.59,-7.40,-3.73,6.71,-7.96,-1.27,0.00,-7.66,-6.16,3.66,-16.12,1500
3,-0.70,-1.04,-0.77,-4.61,-4.82,6.65,-3.50,-2.46,0.00,-7.75,-6.15,-7.20,-15.46,1500
3,6.26,-3.90,-1.60,2.71,-3.53,7.97,2.33,-0.61,0.00,-7.69,-6.13,2.45,-19.14,1500
3,-2.50,5.91,-6.05,-2.16,-4.93,9.39,-3.71,-2.18,0.00,-7.65,-6.11,10.03,-18.02,1500
3,-5.15,4.38,-2.64,-5.82,0.60,8.46,-5.61,3.24,0.00,-7.74,-6.10,-1.37,-17.30,1500
3,11.90,5.36,-4.59,1.03,-1.29,7.44,1.98,1.36,0.00,-7.78,-6.09,-6.10,-17.41,1500
3,-2.78,6.54,-5.77,1.38,-3.56,6.81,0.14,-0.16,0.00,-7.72,-6.07,8.08,-22.55,1500
3,14.61,7.65,-6.05,-1.11,-4.66,8.63,-2.99,-1.28,0.00,-7.70,-6.06,12.26,-22.31,1500
3,11.48,1.88,1.60,-5.84,-1.86,8.52,-6.66,0.81,0.00,-7.77,-6.02,5.26,-17.50,1500
3,-1.11,6.47,-0.35,-2.38,-3.55,7.05,-1.51,-0.83,0.00,-7.84,-6.01,-5.59,-17.84,1500
3,2.37,4.31,-2.64,1.45,-0.74,3.98,1.44,1.84,0.00,-7.79,-5.99,0.07,-16.87,1500
3,-1.88,4.59,1.67,2.82,-2.97,6.69,2.60,-1.17,0.00,-7.82,-5.92,1.38,-11.72,1500
SG3,6.33,-2.78,1.25,0.57,-3.26,7.26,0.10,-0.78,0.00,-7.80,-5.92,3.05,-16.20,1500
3,-10.92,0.35,2.85,-2.66,1.49,8.80,-2.54,3.91,0.00,-7.83,-5.91,-0.79,-15.77,1500
3,-2.09,4.10,4.03,-4.38,-3.57,2.72,-3.30,-1.44,0.00,-7.85,-5.90,-7.01,-13.85,1500
3,4.10,3.13,-2.09,3.74,-6.06,7.20,2.90,-3.23,0.00,-7.76,-5.92,5.44,-18.55,1500
3,-0.63,7.65,-0.90,-5.24,-1.04,5.10,-5.39,1.43,0.00,-7.80,-5.90,0.97,-16.14,1500
3,2.09,-1.81,-1.11,1.04,-2.06,8.02,1.21,-0.99,0.00,-7.79,-5.84,-1.13,-6.90,1500
3,6.68,2.78,1.04,4.34,-3.06,8.05,3.67,-1.24,0.00,-7.74,-5.86,4.33,-11.82,1500
3,-3.62,1.11,-2.64,3.89,-0.16,8.26,2.17,1.49,0.00,-7.68,-5.85,11.18,-10.67,1500
3,4.45,-2.23,-2.02,-3.50,-0.83,3.98,-3.42,0.09,0.00,-7.76,-5.82,-0.48,-5.94,1500
3,5.70,-1.88,-7.79,5.71,-4.49,5.20,4.68,-2.74,0.00,-7.70,-5.85,6.67,-11.33,1500
3,-3.13,-5.57,-2.85,-4.29,-1.79,8.11,-5.19,-1.02,0.00,-7.71,-5.80,5.78,-4.98,1500
3,-10.23,-8.21,4.10,3.67,-2.31,6.02,3.61,-0.68,0.00,-7.77,-5.83,0.38,-10.53,1500
3,-6.82,-9.39,3.76,2.66,0.72,8.82,1.65,3.11,0.00,-7.73,-5.83,6.51,-15.56,1500
3,-6.89,-1.81,2.99,1.28,-0.82,4.06,0.28,1.00,0.00,-7.74,-5.79,6.47,-11.87,1500
3,-14.26,-0.14,-0.70,-1.30,-4.79,5.00,-0.82,-2.59,0.00,-7.81,-5.80,-3.09,-14.36,1500
3,2.85,2.23,-9.53,5.74,-3.88,7.36,5.28,-1.29,0.00,-7.77,-5.81,2.95,-16.98,1500
3,6.61,1.32,-3.48,0.65,-3.26,7.22,0.31,-1.01,0.00,-7.77,-5.78,2.25,-14.65,1500
3,-1.39,2.71,-2.50,-2.40,-2.38,7.24,-0.94,-0.48,0.00,-7.88,-5.76,-9.44,-12.37,1500
3,-3.90,1.67,-3.69,1.38,2.36,1.40,2.95,3.36,0.00,-7.88,-5.73,-10.22,-6.46,1500
3,1.81,1.81,-7.03,-4.53,-3.58,8.81,-4.29,-1.90,0.00,-7.81,-5.76,-1.54,-10.90,1500
3,-7.44,-2.85,-6.54,-5.03,-1.21,8.79,-4.18,0.46,0.00,-7.84,-5.77,-5.49,-10.88,1500
3,6.26,1.53,-5.43,7.61,-3.65,6.00,6.92,-2.13,0.00,-7.77,-5.75,4.44,-9.82,1500
3,3.48,1.32,5.01,2.48,-4.11,12.37,1.60,-1.95,0.00,-7.75,-5.77,5.70,-14.10,1500
3,-7.23,9.88,2.16,0.22,1.56,6.79,0.66,2.83,0.00,-7.80,-5.74,-2.78,-8.24,1500
3,2.71,7.10,-0.70,1.11,-5.33,6.30,1.46,-2.88,0.00,-7.79,-5.75,-2.25,-16.05,1500
3,-4.52,5.08,-1.11,1.05,-0.29,8.01,0.66,1.62,0.00,-7.75,-5.72,2.57,-12.40,1500
3,1.53,9.25,-5.43,0.16,-2.76,1.97,0.56,-1.35,0.00,-7.79,-5.68,-2.58,-9.14,1500
3,7.86,22.19,-8.56,6.65,-2.33,7.82,5.81,-1.59,0.00,-7.72,-5.64,5.45,-4.82,1500
SG3,2.71,10.50,4.03,-4.07,0.53,7.10,-4.03,1.34,0.00,-7.77,-5.65,-0.28,-5.24,1500
3,-4.66,7.86,-0.28,-1.02,-0.83,8.30,-0.99,0.19,0.00,-7.76,-5.67,-0.19,-6.60,1500
3,-11.62,14.68,2.78,-1.70,-1.75,6.72,-1.29,-1.24,0.00,-7.75,-5.66,-2.61,-3.33,1500
3,-2.37,7.30,14.47,-0.35,1.71,8.10,-0.13,2.61,0.00,-7.73,-5.67,-1.42,-5.83,1500
3,-4.52,3.97,8.70,-0.82,-2.23,7.17,-1.17,-0.96,0.00,-7.72,-5.68,2.24,-8.27,1500
3,-0.77,-5.22,8.56,-1.85,2.82,3.84,-1.89,3.26,0.00,-7.73,-5.65,0.32,-2.87,1500
3,7.79,-19.69,9.74,4.92,0.35,9.25,4.19,1.16,0.00,-7.69,-5.65,4.71,-5.22,1500
3,-3.90,-16.56,0.49,1.78,-0.82,-0.98,1.45,-0.58,0.00,-7.74,-5.61,2.13,-1.58,1500
3,6.54,-29.15,-5.29,-4.03,-2.44,3.71,-3.39,-0.85,0.00,-7.77,-5.66,-4.17,-10.35,1500
3,4.10,-14.40,-12.03,-2.61,-0.02,9.31,-2.48,1.72,0.00,-7.76,-5.66,-0.88,-11.33,1500
3,0.21,-11.62,-16.07,-3.91,-2.92,1.50,-2.65,-1.01,0.00,-7.82,-5.62,-8.10,-12.43,1500
3,17.25,7.79,-19.90,4.55,-2.22,7.19,4.06,0.60,0.00,-7.75,-5.63,3.17,-18.49,1500
3,17.11,23.30,-11.06,2.35,0.19,4.12,0.21,2.87,0.00,-7.67,-5.62,13.97,-17.53,1500
3,9.32,48.21,-10.78,-6.04,0.60,6.75,-7.21,2.38,0.00,-7.72,-5.56,7.60,-11.57,1500
3,8.77,46.12,-6.82,0.00,-0.52,6.35,-1.24,0.17,0.00,-7.73,-5.52,8.04,-4.42,1500
3,2.99,43.76,-5.01,6.48,2.31,8.04,5.53,3.29,0.00,-7.74,-5.51,6.14,-6.34,1500
3,0.49,25.39,-2.64,-0.48,-5.75,8.07,-1.81,-4.46,0.00,-7.73,-5.52,8.62,-8.31,1500
3,-6.19,7.17,6.26,5.90,-1.54,7.31,5.62,-1.13,0.00,-7.78,-5.48,1.79,-2.62,1500
3,-17.39,-0.90,7.30,-4.80,2.72,6.03,-5.80,1.94,0.00,-7.78,-5.43,6.49,5.07,1500
3,-20.38,-7.93,14.54,-2.64,-0.26,4.97,-3.08,0.15,0.00,-7.80,-5.47,2.82,-2.59,1500
3,-17.46,-10.92,13.29,3.99,-1.92,7.09,2.32,-1.17,0.00,-7.78,-5.47,10.80,-4.85,1500
3,-12.24,-21.43,13.01,8.31,0.48,6.27,6.98,0.76,0.00,-7.79,-5.44,8.67,-1.84,1500
3,-9.04,-16.83,12.10,-2.28,2.20,8.19,-2.77,3.11,0.00,-7.81,-5.43,3.20,-5.85,1500
3,-11.20,-10.30,7.86,-1.29,-2.54,6.69,-1.19,-2.03,0.00,-7.84,-5.41,-0.67,-3.33,1500
3,-1.18,-7.72,-2.99,-1.75,-4.22,5.99,-2.55,-2.60,0.00,-7.81,-5.45,5.13,-10.51,1500
3,3.62,-4.73,-5.84,2.34,1.15,8.62,1.35,1.95,0.00,-7.80,-5.40,6.41,-5.17,1500
3,-2.02,2.43,-13.01,3.90,-3.11,5.62,3.74,-1.53,0.00,-7.86,-5.44,0.99,-10.25,1500
3,6.82,8.21,-7.58,-3.54,0.37,4.14,-3.09,2.43,0.00,-7.88,-5.44,-2.86,-13.42,1500
3,0.35,21.22,-8.90,-3.32,-3.12,6.87,-3.13,-2.12,0.00,-7.86,-5.39,-1.24,-6.45,1500
3,-0.77,-18.71,2.71,-3.92,-0.35,11.05,-3.31,-0.78,0.00,-7.87,-5.32,-3.93,2.80,1500
SG3,-0.07,-15.03,2.78,2.11,-1.19,2.77,3.17,-1.33,0.00,-7.90,-5.32,-6.90,0.87,1500
3,2.92,-20.87,-5.91,-5.28,-3.95,6.28,-5.32,-3.67,0.00,-7.84,-5.34,0.23,-1.78,1500
3,4.52,-18.23,-5.43,-4.62,-0.60,6.66,-3.22,0.18,0.00,-7.92,-5.36,-9.04,-5.06,1500
3,3.27,-13.36,-14.05,7.00,0.41,9.62,6.12,1.92,0.00,-7.80,-5.36,5.70,-9.78,1500
3,1.88,-2.99,-11.55,-6.37,-3.48,9.39,-6.32,-2.36,0.00,-7.86,-5.34,-0.30,-7.27,1500
3,0.97,15.86,-6.68,2.27,-0.08,4.27,3.04,0.58,0.00,-7.90,-5.32,-4.97,-4.21,1500
3,3.27,26.50,-8.21,-4.08,-2.28,6.17,-4.13,-1.01,0.00,-7.87,-5.34,0.30,-8.20,1500
3,2.23,30.19,-5.43,0.09,-2.45,8.87,-0.41,-1.49,0.00,-7.84,-5.33,3.20,-6.17,1500
3,4.66,20.38,-3.55,2.13,-1.77,4.06,1.17,-0.76,0.00,-7.82,-5.32,6.18,-6.55,1500
3,-0.07,11.69,0.70,3.60,0.71,2.67,2.25,1.62,0.00,-7.82,-5.32,8.75,-5.84,1500
3,0.63,5.43,6.19,-1.89,1.09,8.56,-2.38,1.52,0.00,-7.87,-5.29,3.21,-2.79,1500
3,10.78,-5.50,14.19,-1.75,-1.18,10.60,-2.53,-0.95,0.00,-7.86,-5.30,5.04,-1.44,1500
3,12.59,-9.32,11.13,-0.25,1.71,0.83,-1.25,1.06,0.00,-7.85,-5.29,6.46,4.15,1500
3,21.22,-8.56,13.22,-0.23,-1.68,4.80,-0.79,-1.43,0.00,-7.88,-5.33,3.61,-1.59,1500
3,43.90,-2.99,10.78,-2.67,-5.26,10.57,-3.78,-5.02,0.00,-7.87,-5.34,7.22,-1.52,1500
3,53.29,-5.63,1.95,4.18,-0.04,3.94,3.06,0.51,0.00,-7.89,-5.36,7.24,-3.58,1500
3,61.77,-13.15,-6.82,2.36,-1.14,6.09,1.02,-0.70,0.00,-7.89,-5.35,8.66,-2.83,1500
3,75.97,-7.51,-27.34,5.93,2.37,2.85,4.04,3.48,0.00,-7.88,-5.37,12.28,-7.21,1500
3,76.03,-6.89,-32.35,2.85,-3.48,7.03,0.65,-2.20,0.00,-7.88,-5.36,14.33,-8.25,1500
3,90.57,7.72,-45.08,2.24,-2.16,4.38,0.64,-0.28,0.00,-7.92,-5.36,10.41,-12.25,1500
3,80.97,13.77,-44.38,-1.74,-0.27,11.06,-3.91,0.95,0.00,-7.93,-5.33,14.15,-7.89,1500
3,82.64,31.72,-47.30,5.65,-5.80,6.71,3.62,-4.24,0.00,-7.95,-5.36,13.22,-10.12,1500
3,79.79,29.98,-39.72,2.06,-3.97,8.02,-0.15,-3.26,0.00,-7.94,-5.32,14.39,-4.56,1500
3,66.78,16.97,-29.98,1.84,3.27,3.82,-0.67,3.62,0.00,-7.93,-5.29,16.40,-2.27,1500
3,50.50,15.10,-14.89,9.01,1.56,5.02,6.92,2.35,0.00,-7.96,-5.31,13.59,-5.08,1500
3,27.41,7.58,-2.78,5.21,-3.34,5.63,2.26,-2.86,0.00,-7.91,-5.30,19.45,-3.06,1500
3,9.11,0.90,16.77,1.11,-1.24,7.14,-1.74,-0.74,0.00,-7.93,-5.30,18.68,-3.19,1500
3,-84.31,-4.38,47.44,6.29,-5.04,4.90,3.83,-4.48,0.00,-8.00,-5.34,16.09,-3.62,1500
SG3,-58.92,0.97,39.03,3.46,0.45,11.59,-0.03,1.37,0.00,-7.96,-5.34,23.09,-5.92,1500
3,-78.96,11.34,34.50,-0.37,0.07,7.10,-2.22,0.95,0.00,-8.04,-5.33,11.99,-5.69,1500
3,-64.77,20.17,20.10,4.71,-1.00,11.17,2.23,0.42,0.00,-8.00,-5.35,16.20,-9.15,1500
3,-87.72,15.37,10.43,5.62,-0.31,0.44,3.20,0.75,0.00,-8.02,-5.32,15.82,-6.84,1500
3,-57.39,13.63,6.96,0.37,0.53,9.50,-1.87,1.87,0.00,-8.04,-5.33,14.58,-8.72,1500
3,-60.52,8.49,6.47,-0.97,-1.82,4.80,-2.27,-0.75,0.00,-8.08,-5.29,8.44,-6.86,1500
3,-68.17,14.05,5.43,-0.65,-0.35,7.08,-1.67,0.41,0.00,-8.09,-5.27,6.65,-4.91,1500
3,-52.73,8.97,11.90,1.05,-0.25,4.59,-0.13,0.92,0.00,-8.09,-5.28,7.65,-7.58,1500
3,-59.41,-5.43,12.87,0.74,0.78,3.58,0.84,1.17,0.00,-8.15,-5.25,-0.62,-2.51,1500
3,-69.57,-0.77,12.38,-6.43,-0.23,7.70,-5.67,0.14,0.00,-8.18,-5.25,-4.91,-2.35,1500
3,-55.23,0.35,18.57,3.82,-5.27,8.79,3.57,-3.85,0.00,-8.13,-5.29,1.61,-9.20,1500
3,-63.51,-0.63,17.46,3.02,1.71,4.71,3.16,1.81,0.00,-8.15,-5.23,-0.90,-0.67,1500
3,-68.52,10.50,16.63,0.32,5.41,7.06,0.69,6.13,0.00,-8.14,-5.23,-2.34,-4.64,1500
3,-60.31,2.09,15.30,2.32,-6.25,6.17,3.16,-5.18,0.00,-8.17,-5.25,-5.42,-6.92,1500
3,-61.98,0.56,10.64,-3.54,0.49,8.90,-3.09,1.55,0.00,-8.14,-5.24,-2.94,-6.84,1500
3,-47.79,-2.09,8.21,1.41,-1.38,8.74,1.93,-0.51,0.00,-8.14,-5.22,-3.34,-5.65,1500
3,-36.59,-5.57,7.79,-3.18,2.80,1.60,-1.57,3.28,0.00,-8.16,-5.21,-10.44,-3.09,1500
3,-19.76,3.48,-9.32,-2.81,-3.93,6.26,-1.21,-3.03,0.00,-8.15,-5.24,-10.35,-5.83,1500
3,-10.37,-2.99,-12.38,4.32,4.60,3.85,5.51,4.17,0.00,-8.12,-5.17,-7.75,2.73,1500
3,12.10,-3.34,-24.21,-5.74,-0.43,8.69,-3.42,0.03,0.00,-8.13,-5.22,-15.14,-3.00,1500
3,20.17,7.17,-36.31,0.76,-0.60,6.04,2.98,-0.73,0.00,-8.12,-5.19,-14.46,0.88,1500
3,25.60,5.84,-39.17,-6.61,0.35,7.19,-4.41,-0.07,0.00,-8.11,-5.18,-14.34,2.69,1500
3,28.10,3.76,-41.39,1.85,-1.24,5.36,3.30,-1.50,0.00,-8.09,-5.19,-9.40,1.62,1500
3,32.42,0.00,-38.96,-3.37,1.01,4.35,-0.91,0.93,0.00,-8.10,-5.20,-16.08,0.53,1500
3,40.07,6.19,-32.00,-6.03,0.67,8.98,-4.43,0.31,0.00,-8.08,-5.19,-10.40,2.32,1500
3,39.65,5.50,-27.83,-1.58,-4.01,4.85,0.19,-3.35,0.00,-8.09,-5.22,-11.49,-4.26,1500
3,46.68,8.49,-22.82,0.88,-1.32,6.06,1.54,0.58,0.00,-8.06,-5.22,-4.27,-12.38,1500
SG3,34.78,1.95,-17.25,0.35,-5.25,5.28,1.01,-4.19,0.00,-8.06,-5.16,-4.29,-6.88,1500
3,43.90,5.70,-15.86,-2.74,0.23,10.00,-1.86,1.80,0.00,-8.07,-5.16,-5.66,-10.20,1500
3,28.38,12.52,-13.43,-0.41,-0.04,1.84,0.80,0.65,0.00,-8.08,-5.12,-7.79,-4.50,1500
3,34.85,13.77,-5.08,0.78,-0.84,6.01,1.06,0.28,0.00,-8.03,-5.13,-1.78,-7.24,1500
3,24.70,5.29,-0.14,3.06,0.55,2.81,3.46,1.25,0.00,-8.06,-5.11,-2.58,-4.58,1500
3,15.44,-5.22,5.29,0.87,1.02,9.53,1.00,0.93,0.00,-8.06,-5.07,-0.83,0.59,1500
3,20.45,-6.47,11.13,-0.15,-1.15,3.25,0.40,-1.12,0.00,-8.07,-5.08,-3.53,-0.23,1500
3,12.66,-17.81,13.57,-0.44,-0.48,10.89,-0.47,0.16,0.00,-8.04,-5.11,0.24,-4.15,1500
3,9.04,-21.63,16.21,1.40,0.70,4.00,0.66,0.80,0.00,-8.02,-5.09,4.83,-0.67,1500
3,2.43,-25.25,19.76,-3.28,1.38,8.33,-3.50,1.93,0.00,-8.05,-5.11,1.42,-3.51,1500
3,12.38,-16.70,16.56,7.78,-0.54,2.80,7.11,-0.53,0.00,-8.03,-5.10,4.31,-0.12,1500
3,2.16,-16.42,9.67,1.28,-5.26,4.75,0.26,-3.41,0.00,-8.01,-5.14,6.62,-11.99,1500
3,11.83,-22.82,17.67,-2.99,2.22,8.00,-3.21,2.90,0.00,-8.06,-5.08,1.44,-4.41,1500
3,10.30,-15.37,8.97,0.38,0.46,0.91,-0.44,0.22,0.00,-8.03,-5.06,5.31,1.56,1500
3,17.04,-22.40,6.12,0.22,1.54,7.97,-2.10,2.19,0.00,-7.97,-5.10,15.10,-4.20,1500
3,21.77,-27.62,5.91,-1.05,1.52,9.25,-2.74,2.42,0.00,-8.01,-5.11,10.98,-5.82,1500
3,4.38,-23.03,4.59,-2.70,1.73,6.12,-2.57,2.21,0.00,-8.11,-5.09,-0.82,-3.10,1500
3,13.01,-22.89,-0.07,5.72,-3.78,5.77,3.35,-2.50,0.00,-8.05,-5.10,15.51,-8.34,1500
3,17.04,-16.97,1.32,6.08,-3.98,8.72,2.55,-1.64,0.00,-8.06,-5.10,23.43,-15.24,1500
3,5.63,-14.33,9.81,-5.31,-0.85,4.18,-7.47,1.18,0.00,-8.13,-5.08,14.12,-13.19,1500
3,-6.75,-6.68,11.90,-3.15,-2.95,7.23,-4.40,-1.53,0.00,-8.18,-5.05,8.07,-9.19,1500
3,-11.69,-17.11,13.08,-0.39,-2.69,1.18,-0.45,-1.44,0.00,-8.22,-5.02,0.40,-8.09,1500
3,-2.57,-32.49,15.65,5.12,-6.51,1.28,3.81,-4.31,0.00,-8.17,-5.04,8.45,-14.32,1500
3,-13.08,-32.42,19.27,1.92,-0.49,9.56,-0.48,1.64,0.00,-8.11,-5.03,15.66,-13.89,1500
3,-30.33,-29.29,20.52,1.90,3.12,7.65,1.00,5.29,0.00,-8.19,-5.02,5.80,-14.16,1500
3,-33.74,-21.36,17.95,-7.70,0.52,8.03,-6.09,2.66,0.00,-8.31,-5.00,-10.48,-13.99,1500
3,-34.43,-14.61,15.93,-4.94,2.83,3.22,-1.91,4.55,0.00,-8.37,-4.98,-19.95,-11.17,1500
3,-23.44,-11.27,12.80,-3.74,1.78,2.20,0.23,3.38,0.00,-8.37,-4.97,-26.58,-10.39,1500
3,-7.30,-8.49,8.21,1.43,-1.51,5.25,4.21,1.09,0.00,-8.29,-4.97,-18.19,-17.01,1500
3,-1.04,18.09,-11.62,0.15,-1.37,2.98,-0.03,1.34,0.00,-8.20,-4.76,1.12,-17.76,1500
SG3,-3.83,3.97,-6.61,3.42,1.83,8.71,2.54,4.53,0.00,-8.16,-4.76,5.68,-17.71,1500
3,-11.97,5.91,-9.74,3.84,-0.51,5.17,3.64,2.11,0.00,-8.19,-4.73,1.32,-17.16,1500
3,0.83,-9.74,-4.17,0.70,-2.63,4.48,0.36,0.83,0.00,-8.18,-4.75,2.24,-22.88,1500
3,-8.00,-3.20,-1.39,0.04,-1.71,7.64,0.09,0.89,0.00,-8.19,-4.70,-0.36,-17.05,1500
3,-15.86,-8.56,2.30,-3.58,0.69,5.14,-2.76,3.33,0.00,-8.21,-4.69,-5.27,-17.27,1500
3,-2.99,1.95,1.81,0.33,1.26,8.36,0.19,4.10,0.00,-8.14,-4.70,0.89,-18.65,1500
3,-13.57,8.56,-0.07,-4.42,2.90,3.94,-4.42,4.85,0.00,-8.13,-4.65,-0.00,-12.68,1500
3,-13.08,1.88,-6.47,-5.38,-5.37,7.00,-4.36,-2.71,0.00,-8.18,-4.69,-6.58,-17.43,1500
3,1.74,-2.23,-10.02,3.19,-4.94,3.48,3.25,-1.16,0.00,-8.14,-4.71,-0.35,-25.17,1500
3,5.70,-4.24,-5.43,-3.05,-2.11,5.82,-3.05,0.60,0.00,-8.13,-4.64,0.01,-17.76,1500
3,-5.43,-0.14,-5.70,-2.46,-1.62,7.56,-1.49,0.74,0.00,-8.18,-4.62,-6.27,-15.37,1500
3,8.70,4.03,-7.72,-1.89,-2.13,1.05,-1.04,1.38,0.00,-8.14,-4.63,-5.52,-23.26,1500
3,0.00,7.65,0.14,-2.87,-1.98,8.62,-2.19,0.70,0.00,-8.13,-4.50,-4.41,-17.59,1531
SG3,-3.48,2.92,2.02,-3.80,-1.20,2.30,-3.02,2.18,0.00,-8.11,-4.49,-5.05,-22.39,1531
3,15.23,9.11,-3.13,-3.63,-2.74,3.37,-0.92,0.01,0.00,-8.20,-4.40,-17.81,-18.00,1582
SG3,-2.50,8.70,-5.36,0.81,-3.14,6.40,3.76,-0.57,0.00,-8.20,-4.37,-19.38,-16.82,1582
3,-3.55,8.56,-12.24,3.48,-2.81,4.04,5.13,-1.04,0.00,-7.94,-4.25,-10.73,-11.53,1597
SG3,4.66,5.91,-10.71,-2.30,-1.31,3.96,-0.77,0.56,0.00,-7.89,-4.22,-9.88,-12.21,1597
3,10.43,15.86,-3.97,3.90,-4.67,8.24,1.87,-0.74,0.00,-7.75,-4.12,13.19,-26.29,1585
3,11.83,3.27,-0.70,1.44,-2.33,2.49,2.65,-2.07,0.00,-7.73,-3.80,-7.86,-1.63,1566
SG3,7.30,4.80,-2.30,-0.01,-2.02,1.82,1.60,-1.47,0.00,-7.76,-3.79,-10.49,-3.58,1566
3,5.98,7.30,3.06,-5.07,2.66,1.33,-5.13,4.85,0.00,-7.58,-3.74,0.34,-14.32,1558
SG3,9.04,11.34,2.99,-0.77,0.94,9.79,-1.46,2.08,0.00,-7.56,-3.68,4.48,-7.41,1558
3,6.40,-9.32,-4.10,4.09,-1.85,2.06,5.66,-0.20,0.00,-7.68,-3.64,-10.18,-10.73,1550
SG3,14.68,-8.97,-4.66,0.38,-2.91,5.40,1.14,-0.71,0.00,-7.61,-3.64,-4.96,-14.34,1550
3,-6.26,7.17,-2.37,3.69,1.48,10.95,1.56,2.85,0.00,-7.48,-3.54,13.91,-8.88,1546
SG3,-7.51,9.46,-5.50,-2.42,3.81,4.26,-3.03,4.76,0.00,-7.54,-3.51,3.90,-6.18,1546
3,-6.26,3.20,2.30,-7.56,0.00,8.50,-6.37,1.10,0.00,-7.65,-3.52,-7.71,-7.10,1546
3,2.78,-5.22,0.42,-2.27,-3.43,0.98,-0.53,-1.22,0.00,-7.63,-3.54,-11.32,-14.43,1546
3,-0.97,-10.85,-3.55,6.73,0.57,2.33,6.32,2.92,0.00,-7.51,-3.51,2.65,-15.34,1546
3,-4.10,-7.72,0.21,1.52,-1.60,2.24,-0.10,0.26,0.00,-7.47,-3.46,10.53,-12.09,1546
3,0.70,4.45,2.99,-4.29,-2.47,8.59,-3.72,-0.63,0.00,-7.57,-3.46,-3.64,-11.98,1546
3,1.67,6.26,5.77,-4.39,-2.47,6.58,-2.58,-1.57,0.00,-7.61,-3.44,-11.74,-5.85,1546
3,5.70,5.91,4.24,-6.95,-3.64,10.00,-5.25,-2.49,0.00,-7.61,-3.45,-11.03,-7.39,1546
3,-5.57,3.13,1.95,-1.47,-5.27,0.32,0.75,-2.87,0.00,-7.60,-3.47,-14.51,-15.69,1546
3,-7.44,-4.73,-5.43,6.77,-0.53,2.02,7.11,1.83,0.00,-7.50,-3.44,-2.18,-15.45,1546
3,-0.70,0.14,6.54,-0.81,0.46,7.49,-1.21,2.73,0.00,-7.50,-3.37,2.53,-14.81,1546
SG3,-2.02,1.60,4.03,-0.97,2.24,8.20,-0.31,4.63,0.00,-7.54,-3.34,-4.24,-15.65,1546
3,-5.01,6.82,-2.02,-4.79,3.87,3.52,-2.64,5.15,0.00,-7.61,-3.30,-13.97,-8.30,1546
3,-11.62,-1.04,-5.29,-3.55,2.48,0.75,-1.17,2.93,0.00,-7.58,-3.26,-15.55,-2.91,1546
3,-12.94,1.04,-8.97,1.17,0.12,5.79,3.75,1.18,0.00,-7.57,-3.27,-16.88,-6.83,1546
3,-1.74,-2.30,-9.18,5.65,-6.77,8.71,8.62,-4.72,0.00,-7.50,-3.30,-19.56,-13.32,1546
3,9.04,-3.55,-3.83,0.46,-3.30,6.46,0.96,-0.28,0.00,-7.39,-3.31,-3.24,-19.85,1546
3,9.04,4.80,0.35,2.25,0.61,2.41,1.06,2.38,0.00,-7.34,-3.25,7.68,-11.46,1546
3,6.12,4.52,2.71,1.13,2.39,3.18,0.32,3.09,0.00,-7.37,-3.20,5.27,-4.55,1546
3,2.16,-0.42,4.03,-2.81,0.42,5.26,-1.80,1.11,0.00,-7.47,-3.20,-6.57,-4.41,1546
3,-5.91,-6.61,3.62,2.87,-1.47,2.74,3.99,-0.40,0.00,-7.49,-3.21,-7.27,-6.95,1546
3,-1.53,-6.54,-1.46,3.33,-0.05,0.21,3.04,2.10,0.00,-7.45,-3.23,1.86,-14.02,1546
3,5.84,-5.63,-2.92,5.16,-1.40,10.84,2.69,0.69,0.00,-7.35,-3.20,16.15,-13.63,1546
3,-2.71,-10.64,2.99,3.29,-0.14,7.56,0.70,2.61,0.00,-7.36,-3.20,17.00,-18.05,1546
3,-6.40,-3.48,1.04,-4.93,-2.61,9.58,-6.44,-0.48,0.00,-7.42,-3.16,9.78,-13.86,1546
3,-5.15,-1.95,0.83,-0.84,-5.61,6.55,-0.70,-3.60,0.00,-7.51,-3.15,-0.86,-13.04,1546
3,-11.13,0.97,-3.69,-4.32,-1.28,8.69,-2.59,0.24,0.00,-7.59,-3.12,-11.22,-9.83,1546
3,-7.03,3.48,-5.29,-4.77,-0.11,4.33,-1.65,0.93,0.00,-7.64,-3.09,-20.55,-6.72,1546
3,1.18,0.14,-7.93,-3.58,-2.11,-0.08,0.31,-1.71,0.00,-7.63,-3.05,-26.02,-2.57,1546
3,-7.86,5.43,-1.04,-0.15,0.83,5.49,1.74,2.02,0.00,-7.43,-3.02,-12.29,-7.73,1542
SG3,-10.30,6.89,7.17,0.49,-0.75,5.82,2.88,0.59,0.00,-7.43,-3.00,-15.57,-8.65,1542
3,-3.69,13.63,-1.60,1.68,-0.56,4.53,1.80,1.03,0.00,-7.27,-2.96,-0.79,-10.36,1500
SG3,0.14,25.95,-4.59,4.38,-4.21,7.36,4.53,-1.63,0.00,-7.25,-2.98,-0.98,-16.91,1500
3,-2.30,6.61,7.17,2.51,2.88,5.75,2.49,3.99,0.00,-7.28,-2.90,0.10,-7.17,1194
3,0.49,28.87,16.28,1.09,-2.60,9.67,1.26,-1.62,0.00,-7.26,-2.85,-1.10,-6.34,1000
SG3,1.32,34.09,18.02,-0.23,-0.94,5.84,0.26,-0.05,0.00,-7.28,-2.84,-3.19,-5.73,1000
3,2.92,37.36,25.88,-2.59,-0.20,6.73,-1.84,0.51,0.00,-7.28,-2.84,-4.84,-4.60,1000
3,2.37,42.02,27.62,-1.23,-0.49,7.78,-0.47,0.05,0.00,-7.28,-2.83,-4.90,-3.53,1000
3,0.77,38.26,32.49,-0.82,0.06,8.56,-0.10,0.32,0.00,-7.28,-2.82,-4.61,-1.68,1000
3,0.07,37.50,36.17,-0.71,0.69,8.42,0.10,0.62,0.00,-7.28,-2.81,-5.23,0.48,1000
3,5.77,31.30,44.66,0.95,1.15,6.35,1.70,0.77,0.00,-7.27,-2.80,-4.87,2.45,1000
3,4.45,14.54,45.36,-0.98,0.52,6.91,-0.29,0.02,0.00,-7.27,-2.80,-4.49,3.24,1000
3,8.07,2.30,47.23,-0.24,0.76,7.99,0.30,0.18,0.00,-7.26,-2.80,-3.48,3.79,1000
3,9.18,-2.37,48.35,0.43,0.54,7.72,0.67,-0.07,0.00,-7.25,-2.80,-1.52,3.91,1000
3,3.41,-7.58,49.53,0.17,0.50,7.80,0.24,-0.09,0.00,-7.24,-2.80,-0.50,3.77,1000
3,-5.50,-6.82,51.97,0.34,0.48,8.18,0.28,-0.09,0.00,-7.23,-2.80,0.43,3.74,1000
3,-10.57,-4.66,57.04,0.37,0.52,8.41,0.23,-0.02,0.00,-7.23,-2.80,0.93,3.51,1000
3,-12.94,-2.99,62.89,0.34,0.43,8.49,0.15,-0.06,0.00,-7.22,-2.81,1.24,3.17,1000
3,-16.21,-0.90,67.83,0.19,0.45,8.59,0.00,-0.03,0.00,-7.22,-2.81,1.21,3.13,1000
3,-21.29,0.07,69.77,0.24,0.43,8.81,0.08,-0.05,0.00,-7.22,-2.81,1.04,3.07,1000
3,-23.79,0.90,69.84,0.22,0.50,8.90,0.10,0.03,0.00,-7.22,-2.81,0.78,3.00,1000
3,-23.37,5.84,68.03,0.09,0.61,8.83,0.01,0.12,0.00,-7.22,-2.81,0.49,3.22,1000
3,-23.17,12.31,65.04,-0.03,0.69,8.77,-0.03,0.12,0.00,-7.23,-2.80,-0.00,3.66,1000
3,-20.87,16.83,61.50,-0.16,0.74,8.52,-0.07,0.07,0.00,-7.23,-2.80,-0.57,4.29,1000
3,-13.91,21.01,58.64,-0.18,0.85,8.56,-0.01,0.11,0.00,-7.23,-2.80,-1.12,4.80,1000
3,-4.03,25.81,58.57,-0.31,0.87,8.07,-0.06,0.03,0.00,-7.23,-2.80,-1.58,5.45,1000
3,4.73,29.77,58.37,-0.37,0.83,7.91,-0.08,-0.06,0.00,-7.24,-2.80,-1.82,5.75,1000
3,11.55,30.33,57.25,-0.19,0.67,7.93,0.10,-0.24,0.00,-7.24,-2.80,-1.83,5.92,1000
3,18.30,27.69,55.79,-0.17,0.53,7.60,0.07,-0.36,0.00,-7.23,-2.81,-1.50,5.74,1000
3,57.60,24.90,57.74,0.79,1.08,7.91,0.03,0.01,0.00,-7.20,-2.82,4.92,6.93,1000
SG3,66.02,27.41,53.22,1.28,1.05,8.06,0.24,-0.09,0.00,-7.20,-2.82,6.73,7.38,1000
3,33.32,5.22,68.24,2.05,1.91,7.83,0.66,0.68,0.00,-7.19,-2.82,9.00,7.97,1000
3,28.31,3.20,57.39,1.88,1.56,7.84,0.23,0.13,0.00,-7.18,-2.81,10.69,9.26,1000
3,27.20,-1.32,46.96,1.81,1.54,8.11,0.03,0.00,0.00,-7.17,-2.81,11.60,9.95,1000
3,24.21,-2.09,44.10,1.94,1.42,8.32,0.04,-0.12,0.00,-7.17,-2.81,12.38,9.98,1000
3,16.21,-3.83,48.49,1.79,1.12,8.19,-0.13,-0.31,0.00,-7.17,-2.82,12.53,9.28,1000
3,4.31,-14.19,53.50,2.26,1.10,8.24,0.23,-0.21,0.00,-7.17,-2.82,13.22,8.49,1000
3,3.13,-19.97,57.74,2.72,1.32,8.18,0.45,0.02,0.00,-7.16,-2.82,14.79,8.39,1000
3,-2.43,-31.65,52.45,2.85,1.27,8.41,0.37,0.03,0.00,-7.15,-2.82,16.26,8.06,1000
3,-16.28,-51.20,40.83,2.89,0.66,8.34,0.24,-0.41,0.00,-7.14,-2.83,17.36,6.95,1000
3,-20.87,-65.04,28.31,1.96,-0.62,8.19,-0.60,-1.27,0.00,-7.14,-2.84,16.74,4.23,1000
3,4.80,-51.97,22.33,1.31,-0.31,8.17,-0.85,-0.49,0.00,-7.16,-2.86,14.07,1.13,1000
3,25.60,-29.63,25.53,2.24,-0.47,7.40,0.22,-0.57,0.00,-7.18,-2.86,13.15,0.65,1000
3,6.61,-16.97,27.34,2.19,0.16,7.70,0.09,-0.03,0.00,-7.18,-2.86,13.74,1.23,1000
3,-6.96,-9.04,28.24,1.62,-0.34,7.94,-0.54,-0.37,0.00,-7.18,-2.87,14.05,0.23,1000
3,-6.12,-2.71,28.24,1.43,-1.41,7.15,-0.53,-0.95,0.00,-7.19,-2.89,12.74,-2.98,1000
3,-8.90,8.14,25.25,1.31,-1.05,9.05,-0.63,-0.34,0.00,-7.20,-2.90,12.58,-4.61,1000
3,-16.90,20.10,21.36,1.92,-0.08,8.13,-0.29,0.68,0.00,-7.18,-2.90,14.39,-4.89,1000
3,-29.22,28.10,18.43,1.36,-0.14,7.24,-0.75,0.45,0.00,-7.18,-2.89,13.75,-3.78,1000
3,-33.25,28.31,11.34,1.48,-0.93,7.21,-0.46,-0.37,0.00,-7.19,-2.89,12.63,-3.64,1000
3,-38.12,33.81,8.49,1.58,-0.31,7.98,-0.11,0.06,0.00,-7.21,-2.89,10.99,-2.40,1000
3,-43.48,26.50,7.37,1.58,-0.51,8.37,-0.08,-0.10,0.00,-7.21,-2.89,10.74,-2.59,1000
3,-25.74,22.89,6.96,1.36,-0.25,8.60,-0.17,0.10,0.00,-7.21,-2.89,9.97,-2.24,1000
3,-7.72,25.04,9.04,1.19,-0.04,8.69,-0.23,0.17,0.00,-7.22,-2.88,9.16,-1.37,1000
3,-4.17,30.75,9.74,1.40,0.69,8.67,0.01,0.62,0.00,-7.22,-2.87,8.99,0.44,1000
3,-12.73,32.90,10.71,0.91,0.56,9.04,-0.36,0.23,0.00,-7.22,-2.86,8.21,2.13,1000
3,-44.17,23.37,11.83,1.23,1.07,8.81,0.11,0.53,0.00,-7.23,-2.85,7.21,3.50,1000
3,-29.63,37.98,10.02,1.49,1.66,7.45,0.25,0.76,0.00,-7.22,-2.84,8.02,5.86,1000
3,11.55,-26.16,6.96,2.50,0.85,9.38,2.44,-0.19,0.00,-7.27,-2.85,0.40,6.74,1000
SG3,14.68,-25.74,12.03,0.28,0.96,7.83,0.05,-0.10,0.00,-7.26,-2.85,1.45,6.81,1000
3,10.43,-23.79,17.18,0.04,0.98,7.71,-0.15,-0.08,0.00,-7.27,-2.85,1.23,6.84,1000
3,2.30,-31.30,22.68,0.22,0.80,7.77,0.14,-0.16,0.00,-7.27,-2.85,0.57,6.21,1000
3,-8.77,-50.16,25.74,0.61,0.93,6.81,0.36,-0.04,0.00,-7.27,-2.85,1.59,6.28,1000
3,2.30,-14.26,17.32,5.02,11.99,-1.90,4.28,10.46,0.00,-7.24,-2.81,4.82,9.90,1000
3,-2.16,17.25,7.44,1.24,1.53,-0.07,1.21,-0.13,0.00,-7.26,-2.85,0.21,10.77,1000
3,0.00,-8.42,2.85,-1.22,4.32,8.06,-0.11,2.19,0.00,-7.28,-2.85,-7.14,13.85,1000
3,-0.77,8.35,0.00,-2.38,-0.07,4.16,-1.41,-1.23,0.00,-7.26,-2.92,-6.30,7.45,1000
3,-9.18,4.80,-0.97,-0.69,-0.05,6.89,-0.18,-0.82,0.00,-7.24,-2.94,-3.32,4.92,1000
3,-0.90,-0.70,-0.49,0.61,0.70,8.96,0.84,0.01,0.00,-7.22,-2.94,-1.49,4.46,1000
3,3.90,-1.53,-0.07,0.20,0.33,8.26,0.25,-0.22,0.00,-7.22,-2.95,-0.32,3.52,1000
3,1.74,0.56,0.42,0.04,0.18,8.24,-0.05,-0.25,0.00,-7.21,-2.96,0.61,2.75,1000
3,-2.23,2.23,-0.63,0.07,0.36,8.17,-0.09,-0.02,0.00,-7.21,-2.96,1.07,2.44,1000
3,-0.49,0.70,-0.56,0.25,0.50,8.32,0.06,0.12,0.00,-7.20,-2.96,1.23,2.46,1000
3,2.02,-1.81,-0.28,0.13,0.28,8.32,-0.06,-0.08,0.00,-7.20,-2.96,1.24,2.33,1000
3,2.57,-1.25,-0.21,0.36,0.35,8.44,0.12,0.01,0.00,-7.20,-2.96,1.59,2.14,1000
3,-1.25,0.77,-0.28,0.28,0.33,8.29,0.01,0.03,0.00,-7.20,-2.96,1.80,1.94,1000
3,-2.43,1.46,-0.42,0.31,0.29,8.19,0.03,0.00,0.00,-7.20,-2.97,1.85,1.85,1000
3,-0.35,-0.42,-0.35,0.25,0.27,8.35,-0.02,-0.04,0.00,-7.20,-2.97,1.75,1.95,1000
3,1.67,-1.60,-0.63,0.33,0.30,8.23,0.07,-0.01,0.00,-7.20,-2.97,1.70,1.95,1000
3,0.70,-0.56,-0.21,0.27,0.23,8.44,-0.00,-0.06,0.00,-7.20,-2.97,1.73,1.88,1000
3,-1.46,0.97,-0.49,0.20,0.24,8.44,-0.08,-0.03,0.00,-7.20,-2.97,1.83,1.77,1000
3,-1.11,0.90,-0.42,0.24,0.25,8.31,-0.04,-0.03,0.00,-7.20,-2.97,1.81,1.77,1000
3,0.77,-0.77,-0.35,0.22,0.30,8.24,-0.04,0.01,0.00,-7.21,-2.97,1.67,1.89,1000
3,1.32,-1.32,-0.07,0.15,0.35,8.28,-0.10,0.04,0.00,-7.21,-2.97,1.62,1.98,1000
3,0.21,-0.07,-0.14,0.19,0.15,8.38,-0.08,-0.14,0.00,-7.21,-2.97,1.73,1.82,1000
3,-1.11,0.97,-0.21,0.16,0.36,8.24,-0.13,0.06,0.00,-7.21,-2.97,1.83,1.94,1000
3,0.49,-0.49,-0.35,0.32,0.32,8.24,0.04,0.02,0.00,-7.21,-2.97,1.81,1.94,1000
SG3,1.04,-0.90,-0.42,0.30,0.27,8.40,0.02,-0.03,0.00,-7.21,-2.97,1.82,1.89,1000
3,-0.07,-0.07,-0.49,0.35,0.26,8.33,0.05,-0.03,0.00,-7.21,-2.97,1.95,1.87,1000
3,-1.25,0.77,-0.28,0.32,0.26,8.38,0.02,-0.01,0.00,-7.21,-2.97,1.93,1.78,1000
3,-0.56,0.07,-0.28,0.32,0.17,8.44,0.04,-0.11,0.00,-7.21,-2.97,1.82,1.84,1000
3,0.63,-0.63,-0.35,0.26,0.15,8.25,-0.00,-0.14,0.00,-7.21,-2.98,1.73,1.88,1000
3,0.35,-0.56,-0.28,0.28,0.22,8.32,-0.00,-0.08,0.00,-7.21,-2.98,1.79,1.94,1000
3,-0.77,0.42,-0.35,0.21,0.16,8.23,-0.07,-0.13,0.00,-7.21,-2.98,1.84,1.85,1000
3,-0.83,0.42,-0.28,0.20,0.21,8.22,-0.08,-0.09,0.00,-7.21,-2.98,1.77,1.91,1000
3,-0.21,-0.42,-0.21,0.19,0.37,8.30,-0.08,0.05,0.00,-7.21,-2.98,1.78,2.04,1000
3,0.56,-0.56,-0.21,0.34,0.20,8.20,0.07,-0.10,0.00,-7.21,-2.98,1.77,1.94,1000
3,-0.21,-0.07,-0.42,0.22,0.26,8.40,-0.08,-0.03,0.00,-7.21,-2.98,1.91,1.85,1000
3,-0.56,0.21,-0.35,0.27,0.29,8.31,-0.03,0.01,0.00,-7.21,-2.98,1.91,1.82,1000
3,-0.42,0.00,-0.21,0.21,0.32,8.20,-0.08,0.03,0.00,-7.21,-2.98,1.89,1.93,1000
3,0.42,-0.49,-0.35,0.37,0.26,8.20,0.08,-0.03,0.00,-7.21,-2.98,1.88,1.88,1000
3,0.56,-0.42,-0.35,0.29,0.31,8.30,0.01,0.01,0.00,-7.22,-2.98,1.82,1.91,1000
3,-0.56,0.14,-0.35,0.27,0.37,8.41,-0.03,0.07,0.00,-7.22,-2.98,1.88,1.93,1000
3,-0.49,0.35,-0.49,0.13,0.15,8.29,-0.15,-0.13,0.00,-7.22,-2.98,1.81,1.79,1000
3,0.28,-0.21,-0.42,0.24,0.30,8.31,-0.04,0.01,0.00,-7.22,-2.98,1.80,1.84,1000
3,0.42,-0.42,-0.28,0.38,0.26,8.20,0.10,-0.03,0.00,-7.22,-2.98,1.82,1.90,1000
3,0.07,-0.07,-0.35,0.13,0.20,8.19,-0.13,-0.09,0.00,-7.22,-2.98,1.73,1.86,1000
3,-0.56,0.21,-0.35,0.37,0.32,8.30,0.09,0.03,0.00,-7.22,-2.98,1.86,1.90,1000
3,-0.14,-0.07,-0.21,0.24,0.14,8.40,-0.04,-0.14,0.00,-7.22,-2.98,1.80,1.85,1000
3,0.56,-0.42,-0.35,0.17,0.13,8.28,-0.10,-0.15,0.00,-7.22,-2.98,1.71,1.82,1000
3,0.14,-0.42,-0.28,0.17,0.28,8.38,-0.10,-0.01,0.00,-7.22,-2.98,1.77,1.88,1000
3,-0.14,0.00,-0.35,0.37,0.22,8.32,0.09,-0.06,0.00,-7.22,-2.98,1.82,1.86,1000
3,-0.42,0.21,-0.28,0.36,0.37,8.31,0.08,0.07,0.00,-7.22,-2.98,1.82,1.95,1000
3,-0.07,-0.14,-0.42,0.21,0.27,8.24,-0.07,-0.02,0.00,-7.22,-2.99,1.79,1.86,1000
3,0.14,-0.21,-0.14,0.25,0.30,8.19,-0.04,0.01,0.00,-7.22,-2.99,1.86,1.90,1000
SG3,0.21,-0.21,-0.28,0.35,0.13,8.45,0.06,-0.15,0.00,-7.22,-2.99,1.86,1.80,1000
3,-0.14,0.07,-0.35,0.35,0.35,8.40,0.06,0.05,0.00,-7.22,-2.99,1.87,1.90,1000
3,-0.35,0.14,-0.21,0.26,0.37,8.32,-0.02,0.08,0.00,-7.22,-2.99,1.81,1.88,1000
3,-0.07,-0.28,-0.28,0.35,0.14,8.44,0.05,-0.14,0.00,-7.22,-2.99,1.91,1.82,1000
3,0.14,-0.28,-0.28,0.29,0.26,8.39,0.00,-0.04,0.00,-7.22,-2.99,1.88,1.91,1000
3,-0.14,-0.07,-0.35,0.32,0.25,8.36,0.01,-0.04,0.00,-7.22,-2.99,1.96,1.90,1000
3,-0.42,0.07,-0.35,0.26,0.38,8.42,-0.03,0.08,0.00,-7.23,-2.99,1.86,1.94,1000
3,0.07,0.14,-0.35,0.32,0.18,8.22,0.03,-0.11,0.00,-7.23,-2.99,1.84,1.87,1000
3,0.00,-0.28,-0.49,0.14,0.32,8.41,-0.15,0.02,0.00,-7.23,-2.99,1.88,1.94,1000
3,0.07,-0.28,-0.28,0.24,0.18,8.23,-0.06,-0.12,0.00,-7.23,-2.99,1.90,1.89,1000
3,-0.07,0.00,-0.42,0.30,0.29,8.22,0.01,0.00,0.00,-7.23,-2.99,1.85,1.88,1000
3,-0.07,-0.07,-0.21,0.14,0.14,8.32,-0.14,-0.15,0.00,-7.23,-2.99,1.84,1.82,1000
3,0.00,-0.21,-0.21,0.15,0.38,8.20,-0.13,0.08,0.00,-7.23,-2.99,1.84,1.88,1000
3,0.21,-0.35,-0.35,0.37,0.27,8.32,0.08,-0.01,0.00,-7.23,-2.99,1.93,1.81,1000
3,0.00,-0.07,-0.42,0.29,0.36,8.31,0.01,0.06,0.00,-7.23,-2.99,1.82,1.93,1000
3,-0.28,0.14,-0.42,0.28,0.37,8.42,0.00,0.07,0.00,-7.23,-2.99,1.79,1.91,1000
3,-0.14,-0.07,-0.35,0.27,0.37,8.34,-0.01,0.07,0.00,-7.23,-3.00,1.82,1.91,1000

